(5,5,6): 12.0
(17,17,16): 120.0
(65,65,66): 1848.0
(241,241,240): 25080.0
(901,901,902): 351780.0
(3361,3361,3360): 4890480.0
(12545,12545,12546): 68149872.0
(46817,46817,46816): 949077360.0
(174725,174725,174726): 13219419708.0
(652081,652081,652080): 184120982760.0
(2433601,2433601,2433602): 2564481115560.0
(9082321,9082321,9082320): 35718589344360.0
(33895685,33895685,33895686): 497495864091732.0
(92604733,92604733,92604734): 3713359590086717.0
(126500417,126500417,126500416): 6929223155685600.0
(143448260,143448260,143448261): 8910277040981729.0
(177343944,177343944,177343943): 1.3618628081437712e+16
(185209465,185209465,185209464): 1.4853438039554662e+16
(194291787,194291787,194291788): 1.6345925792225964e+16
(202157308,202157308,202157309): 1.7696180071908738e+16
(236052992,236052992,236052991): 2.4127907203106504e+16
(253000835,253000835,253000836): 2.77168930609527e+16
(279030998,279030998,279030997): 3.3713631833989604e+16
(286896519,286896519,286896518): 3.5641107667007564e+16
(294762040,294762040,294762039): 3.762216139190759e+16
(303844362,303844362,303844363): 3.997633735034589e+16
(311709883,311709883,311709884): 4.2072835396811736e+16
9399467725

